1. A  2. \deltaA
-0.00233692673716 0.000297033641341
-0.00242936769922 0.000218888321979
-0.00197306162844 0.000205266346027
-0.00205085416772 0.000189647515817
-0.00177122710643 0.000179955667743
-0.00172744570147 0.000171898125995
-0.00142676900463 0.000169617265406
-0.00105370413712 0.000156198149935
-0.00100422994179 0.000162410769724
-0.000448853366822 0.000170344554828
-0.000743859223778 0.000155467322712
-0.000189843473848 0.000163301090177
0.000368571698579 0.000153805043714
0.000755942807371 0.000150226537561
0.0010536626366 0.000146835299503
0.00153006705895 0.000151889364583
0.00192203399063 0.000181645018364
0.0024592981978 0.000214429595654
0.00365694338867 0.000294753221778
0.0081634944144 0.000500772323467
