1. A  2. \deltaA
-0.00212984296122 0.000399626440053
-0.0024994810785 0.00029301915907
-0.00206023869962 0.000268730242603
-0.00172122024274 0.000253282591215
-0.00176933210853 0.000236159270557
-0.00145995603957 0.000225439258666
-0.00116831898011 0.000218689840367
-0.000721703634836 0.000204747161244
-0.000755826355639 0.000208746302541
-0.000281896544562 0.00020711271453
-0.000692183551621 0.000197720718121
-0.000294611149249 0.000193642686586
0.000334609859708 0.000195522610734
0.000764037557811 0.000186098427295
0.00108065955039 0.000189091890523
0.00126943943357 0.000193388410406
0.00158073513983 0.00022499272033
0.00249106967081 0.000283941832237
0.00308342007621 0.000385455164221
0.00647845364645 0.000777945210127
