1. A  2. \deltaA
-0.0022781773011 0.000357034984217
-0.00262310049009 0.000250879851032
-0.00201110488046 0.000242181427976
-0.00176639688962 0.00021099817139
-0.00173061712633 0.00020333369083
-0.00157339901538 0.000196216178559
-0.00120600275583 0.000186124130639
-0.000847828633179 0.0001839204817
-0.000924217209527 0.000183668512355
-0.0003347311747 0.000188989550086
-0.000608337298501 0.000171407863726
-0.000267785930955 0.000174686008787
0.000320139784931 0.000176454153533
0.000693670960786 0.000168416184185
0.00108696404268 0.000167202698834
0.00144667000315 0.000169021929945
0.00175493512735 0.00020374999041
0.00235376910087 0.000255602206589
0.00344136419059 0.000345931608874
0.00692988153749 0.000697392642761
