1. A  2. \deltaA
-0.0022732395157 0.000480095538224
-0.0026539396169 0.000359628761113
-0.0020271292392 0.000315525523036
-0.00183589631705 0.00029130400812
-0.00189905827211 0.0002754151963
-0.00136030222642 0.000266731335069
-0.00125246397854 0.00026807675183
-0.000786317287302 0.000247651733044
-0.000665408992688 0.000233466725955
-0.000369080918749 0.00023076318548
-0.000727134998515 0.000217083788813
-0.000298353345949 0.00023001854226
0.000161186544581 0.000222866301585
0.000543153658076 0.00021269103126
0.00129473985329 0.000231364583599
0.0013426656063 0.00023579136752
0.00197729421686 0.000273090387711
0.00288233530417 0.00032026174108
0.00325991099537 0.000435844476917
0.00615008044415 0.000875651509305
