   0.0000000e+00   9.5987538e-01
   1.0000000e-02   4.8337400e-01
   2.0000000e-02   5.2575513e-01
   3.0000000e-02   7.1818838e-01
   4.0000000e-02   9.6102081e-01
   5.0000000e-02   4.8222856e-01
   6.0000000e-02   5.1315533e-01
   7.0000000e-02   3.3446731e-01
   8.0000000e-02   1.0308924e+00
   9.0000000e-02   1.8865331e+00
   1.0000000e-01   1.3000699e+00
   1.1000000e-01   1.5933015e+00
   1.2000000e-01   2.2691087e+00
   1.3000000e-01   3.6860131e+00
   1.4000000e-01   2.3527256e+00
   1.5000000e-01   1.5852834e+00
   1.6000000e-01   2.0079493e+00
   1.7000000e-01   3.3652910e+00
   1.8000000e-01   4.3744201e+00
   1.9000000e-01   3.9265546e+00
   2.0000000e-01   3.8681374e+00
   2.1000000e-01   2.8658809e+00
   2.2000000e-01   1.6459915e+00
   2.3000000e-01   2.1969463e+00
   2.4000000e-01   2.1854919e+00
   2.5000000e-01   3.2736561e+00
   2.6000000e-01   3.1327675e+00
   2.7000000e-01   4.1144061e+00
   2.8000000e-01   3.8452287e+00
   2.9000000e-01   3.3458186e+00
   3.0000000e-01   3.0411326e+00
   3.1000000e-01   2.7605008e+00
   3.2000000e-01   2.1224929e+00
   3.3000000e-01   2.0468942e+00
   3.4000000e-01   1.7215903e+00
   3.5000000e-01   2.1121840e+00
   3.6000000e-01   2.4191609e+00
   3.7000000e-01   2.3527256e+00
   3.8000000e-01   2.3687617e+00
   3.9000000e-01   1.9048601e+00
   4.0000000e-01   1.4661581e+00
   4.1000000e-01   1.6906636e+00
   4.2000000e-01   1.4650127e+00
   4.3000000e-01   1.3344330e+00
   4.4000000e-01   9.8507497e-01
   4.5000000e-01   1.0835825e+00
   4.6000000e-01   9.8049322e-01
   4.7000000e-01   1.2783066e+00
   4.8000000e-01   1.0709827e+00
   4.9000000e-01   9.6445712e-01
   5.0000000e-01   0.0000000e+00
