KiDS:

With covariance:
cov = np.array([-0.00217732, -0.00243346, -0.00212043, -0.00224319, -0.00177215, -0.00179821, -0.00149634, -0.00133928, -0.00102652, -0.0007653, -0.00062979, -0.00024386,  0.0004286 ,  0.00065972,  0.00097263, 0.00159251,  0.00187267,  0.00236993,  0.00405491,  0.0084488 ])
cov_errors = np.array([0.00035907, 0.00025155, 0.00021834, 0.00020401, 0.00018982, 0.00018178, 0.00017962, 0.00017599, 0.00017598, 0.00017508, 0.00017385, 0.00017713, 0.00018016, 0.00018614, 0.00018951, 0.00019545, 0.0002131 , 0.00023342, 0.00027645, 0.00040858])

Without covariance:
nocov = np.array([-0.00221202, -0.00247458, -0.00211025, -0.00215213, -0.00175264, -0.00175386, -0.00144776, -0.00125585, -0.00102201, -0.00068527, -0.00061937, -0.00024762,  0.00041748,  0.00064345,  0.00096453, 0.00156168,  0.0018654 ,  0.00235933,  0.00400947,  0.00837   ])
nocov_errors = np.array([0.00023531, 0.0001764 , 0.00015897, 0.00015254, 0.00014715, 0.00014667, 0.00014373, 0.00014089, 0.00014091, 0.00014219, 0.00014418, 0.00014197, 0.00014413, 0.00014721, 0.00014929, 0.00015122, 0.00015924, 0.0001678 , 0.00018829, 0.00025258])



SLICS:

With covariance:
cov_slics = np.array([-4.61753012e-03, -3.81147052e-03, -3.30723773e-03, -2.91093957e-03, -2.51912065e-03, -2.23400752e-03, -1.87752944e-03, -1.52827817e-03, -1.15608248e-03, -8.31458387e-04, -4.70165881e-04, -9.11817640e-05, 3.07751296e-04,  7.87126220e-04,  1.27399308e-03,  1.87017820e-03, 2.62648331e-03,  3.58143171e-03,  5.09426044e-03,  9.44009586e-03])
cov_errors_slics = np.array([0.00029703, 0.00021889, 0.00020527, 0.00018965, 0.00017996, 0.0001719 , 0.00016962, 0.0001562 , 0.00016241, 0.00017034, 0.00015547, 0.0001633 , 0.00015381, 0.00015023, 0.00014684, 0.00015189, 0.00018165, 0.00021443, 0.00029475, 0.00050077])

Without covariance:
nocov_slics = np.array([-4.72338602e-03, -3.87152576e-03, -3.34357989e-03, -2.91218309e-03, -2.51656169e-03, -2.21140970e-03, -1.85467174e-03, -1.49624788e-03, -1.13545613e-03, -8.07819949e-04, -4.40436231e-04, -6.87437036e-05, 3.44120278e-04,  8.04739282e-04,  1.30431667e-03,  1.89023274e-03, 2.63659327e-03,  3.62786014e-03,  5.19877639e-03,  9.92914936e-03])
nocov_errors_slics = np.array([0.00017459, 0.00013477, 0.00012671, 0.00012123, 0.00011684, 0.00011396, 0.00011342, 0.00011117, 0.00010952, 0.00010701, 0.00010766, 0.00010684, 0.00010734, 0.00010774, 0.00010808, 0.00011283, 0.00012075, 0.00013212, 0.00016, 0.00025599])
