# Radial bins of the troughs (in arcmin), cut within 6 and 60 arcmin
6.20410017416432602    6.99907925218230798    7.79405833020028993
7.79405833020028993    8.79277097690502885    9.79148362360976776
9.79148362360976776    11.0461417376003173    12.3007998515908668
12.3007998515908668    13.8769959558419771    15.4531920600930874
15.4531920600930874    17.4333284266085329    19.4134647931239748
19.4134647931239748    21.9010613678280635    24.3886579425321557
24.3886579425321557    27.5137642852681097    30.6388706280040637
30.6388706280040637    34.564864799534945    38.4908589710658191
38.4908589710658191    43.4229888074541748    48.3551186438425233
48.3551186438425233    54.551231949203526    60.7473452545645287
